Среднее время сортировки, не большее 600 секунд

       Array |       Bubble |    Selection |    Insertion |   Knut Shell | Binary Shell |    Full Heap |    Sink Heap | Partial Heap |
          10 | 2.637047e-07 | 3.078431e-07 | 2.488275e-07 | 3.000353e-07 | 2.792526e-07 | 5.683569e-07 | 3.534224e-07 | 3.403605e-07 |
         100 | 1.483888e-07 | 6.052918e-06 | 1.451696e-07 | 1.053205e-06 | 6.262781e-07 | 3.384316e-05 | 2.757756e-06 | 7.086703e-06 |
        1000 | 7.947054e-07 | 0.0005202136 | 9.103691e-07 | 1.315535e-05 | 7.353361e-06 |  0.003089072 | 5.297636e-05 | 0.0005758673 |
       10000 |  7.75201e-06 |   0.05166566 | 8.550887e-06 |  0.000194653 | 0.0001111626 |    0.3004421 | 0.0006123162 |   0.04922514 |
      100000 |     14.36968 |     4.857074 |     3.892361 |   0.00272951 |  0.001432812 |     28.00266 |  0.007281022 |     4.685018 |
     1000000 |              |     425.9975 |     319.6929 |   0.03632671 |   0.02190089 |              |   0.09181875 |     464.9268 |
    10000000 |              |              |              |     1.882772 |     2.942845 |              |     2.760886 |              |
   100000000 |              |              |              |     22.98746 |     44.87769 |              |     51.25681 |              |
  1000000000 |              |              |              |     320.6308 |              |              |              |              |
